160
4 93 97 252 420
4 28 35 190 196
4 197 286 333 369
4 423 441 300 326
4 12 47 33 165
4 482 315 322 256
4 299 306 279 421
4 1 454 14 330
4 21 358 414 492
4 17 86 154 7
4 189 212 352 334
4 337 141 73 319
4 443 120 156 213
4 301 182 495 266
4 484 11 64 170
4 158 462 410 72
4 155 376 210 434
4 486 48 261 264
4 113 452 298 52
4 448 108 329 310
4 371 350 451 234
4 0 221 463 111
4 475 166 360 38
4 499 473 387 20
4 5 258 419 277
4 231 445 240 288
4 181 324 187 175
4 311 208 249 15
4 498 455 396 439
4 193 34 60 430
4 236 219 271 405
4 433 147 273 61
4 199 19 320 409
4 367 385 407 356
4 424 99 278 292
4 123 8 163 276
4 364 399 391 431
4 438 121 177 412
4 429 348 192 230
4 388 427 89 497
4 201 384 447 294
4 397 105 437 203
4 180 24 353 225
4 149 214 442 444
4 18 242 3 362
4 188 403 472 162
4 351 375 71 474
4 55 139 218 159
4 90 328 392 422
4 459 268 336 91
4 283 467 6 10
4 302 23 65 400
4 26 254 425 446
4 117 394 13 44
4 78 280 285 460
4 95 307 136 235
4 345 114 148 31
4 449 263 112 195
4 128 138 245 106
4 237 339 22 46
3 104 347 490
3 341 372 36
3 54 186 198
3 217 395 411
3 144 226 378
3 267 450 494
3 160 66 129
3 269 27 59
3 251 401 29
3 92 244 332
3 70 101 151
3 233 379 432
3 468 107 109
3 124 164 152
3 174 40 76
3 373 453 304
3 25 116 200
3 207 284 41
3 79 115 56
3 69 259 289
3 74 142 173
3 202 241 265
3 297 305 309
3 312 342 381
3 382 426 458
3 477 481 493
3 94 103 110
3 146 224 229
3 250 272 327
3 380 402 436
3 464 479 480
3 295 359 365
3 377 390 39
3 85 126 169
3 238 257 262
3 314 323 335
3 343 374 465
3 470 496 81
3 204 247 4
3 77 118 130
3 131 135 161
3 183 228 232
3 270 275 281
3 313 316 340
3 355 383 418
3 428 469 476
3 100 119 132
3 325 172 80
3 274 282 16
3 32 185 153
3 363 45 50
3 361 461 2
3 51 63 68
3 83 84 96
3 150 171 191
3 194 205 246
3 255 287 357
3 370 488 9
3 42 43 53
3 58 75 82
2 102 122
2 127 134
2 140 157
2 167 176
2 215 222
2 223 227
2 248 260
2 331 366
2 368 406
2 408 415
2 417 435
2 456 457
2 483 485
2 489 37
2 57 87
2 143 168
2 178 184
2 253 293
2 303 317
2 318 338
2 344 346
2 354 389
2 416 471
2 30 49
2 133 145
2 179 216
2 220 239
2 243 290
2 321 349
2 398 413
2 440 466
2 62 67
2 88 98
2 125 137
2 206 209
2 211 291
2 296 308
2 386 393
2 404 478
2 487 491
