1628
4 3 6 7 9
4 10 11 17 18
4 28 33 39 44
4 47 49 53 55
4 56 58 59 60
4 62 63 65 67
4 71 82 85 87
4 96 103 110 117
4 120 124 132 137
4 139 142 145 146
4 147 150 151 164
4 171 172 174 177
4 178 188 197 198
4 201 206 208 210
4 211 213 214 236
4 245 251 253 257
4 263 264 278 281
4 283 289 290 296
4 297 301 307 321
4 328 332 333 336
4 358 362 370 371
4 373 384 385 396
4 398 403 404 407
4 421 432 443 446
4 451 453 461 463
4 464 480 489 513
4 520 522 525 529
4 532 534 540 556
4 559 565 586 589
4 590 593 594 597
4 604 622 628 631
4 634 635 636 642
4 645 648 654 656
4 666 674 676 683
4 684 687 688 689
4 706 709 714 717
4 723 727 730 735
4 737 738 745 750
4 752 760 766 767
4 773 774 778 780
4 791 797 818 820
4 834 835 836 839
4 844 846 847 850
4 854 859 864 875
4 876 877 884 887
4 898 900 902 909
4 912 915 916 923
4 924 926 931 936
4 948 954 960 962
4 970 973 976 992
4 995 998 1001 1004
4 1010 1013 1015 1021
4 1023 1037 1040 1049
4 1050 1056 1061 1071
4 1073 1081 1085 1090
4 1094 1096 1101 1114
4 1115 1116 1117 1122
4 1129 1136 1140 1146
4 1152 1154 1159 1160
4 1164 1178 1197 1200
4 1202 1203 1205 1210
4 1214 1224 1228 1231
4 1233 1234 1248 1249
4 1253 1260 1261 1282
4 1287 1311 1322 1332
4 1336 1339 1340 1341
4 1344 1351 1353 1357
4 1359 1361 1364 1372
4 1378 1383 1385 1388
4 1393 1396 1406 1418
4 1422 1423 1427 1429
4 1430 1433 1440 1445
4 1450 1464 1467 1471
4 1476 1483 1484 1487
4 1491 1492 1505 1508
4 1509 1510 1512 1522
4 1523 1524 1526 1529
4 1533 1542 1552 1556
4 1561 1562 1564 1568
4 1570 1571 1584 1587
4 1589 1591 1595 1598
4 1601 1609 1620 1621
4 1632 1636 1642 1648
4 1671 1673 1677 1681
4 1684 1701 1704 1707
4 1708 1711 1712 1713
4 1714 1717 1718 1720
4 1723 1724 1726 1729
4 1734 1735 1737 1740
4 1742 1743 1747 1756
4 1763 1765 1767 1787
4 1800 1810 1812 1817
4 1819 1820 1821 1825
4 1827 1830 1833 1837
4 1839 1845 1847 1851
4 1853 1856 1861 1866
4 1874 1876 1877 1883
4 1884 1886 1888 1889
4 1895 1912 1922 1923
4 1930 1934 1936 1943
4 1946 1948 1952 1955
4 1963 1965 1975 1976
4 1988 1994 1996 1998
4 2000 2006 2007 2008
4 2009 2020 2023 2036
4 2043 2045 2055 2060
4 2061 2064 2070 2080
4 2081 2085 2089 2091
4 2094 2095 2096 2106
4 2112 2115 2117 2123
4 2124 2125 2127 2129
4 2141 2155 2160 2162
4 2165 2185 2190 2191
4 2196 2203 2212 2213
4 2221 2222 2226 2228
4 2241 2243 2245 2246
4 2254 2259 2260 2265
4 2267 2274 2282 2293
4 2295 2300 2305 2308
4 2309 2313 2320 2323
4 2331 2340 2342 2345
4 2351 2353 2364 2368
4 2375 2381 2389 2395
4 2398 2400 2401 2407
4 2428 2456 2457 2459
4 2461 2462 2475 2481
4 2484 2486 2488 2489
4 2490 2499 2509 2516
4 2535 2536 2538 2544
4 2545 2548 2555 2558
4 2565 2566 2571 2572
4 2573 2575 2584 2585
4 2589 2590 2592 2598
4 2600 2612 2619 2627
4 2628 2642 2647 2649
4 2652 2674 2686 2687
4 2697 2705 2716 2718
4 2723 2726 2727 2728
4 2732 2736 2749 2752
4 2759 2765 2766 2776
4 2783 2795 2798 2802
4 2804 2806 2809 2811
4 2814 2817 2819 2828
4 2836 2843 2848 2854
4 2861 2862 2870 2872
4 2874 2877 2879 2887
4 2905 2907 2912 2920
4 2922 2927 2932 2935
4 2937 2939 2941 2944
4 2952 2957 2962 2964
4 2968 2982 2985 2994
4 2999 3001 3002 3015
4 3022 3024 3028 3029
4 3037 3042 3047 3050
4 3055 3062 3072 3083
4 3087 3089 3092 3096
4 3104 3106 3107 3112
4 3114 3120 3126 3132
4 3134 3135 3137 3142
4 3145 3149 3153 3155
4 3167 3170 3176 3196
4 3214 3223 3228 3229
4 3239 3244 3248 3253
4 3257 3258 3271 3272
4 3273 3276 3278 3293
4 3295 3297 3299 3302
4 3306 3308 3309 3323
4 3337 3352 3356 3357
4 3362 3367 3368 3371
4 3375 3376 3379 3420
4 3422 3437 3443 3451
4 3457 3463 3473 3475
4 3480 3484 3485 3496
4 3498 3499 3505 3508
4 3511 3516 3518 3519
4 3526 3527 3531 3540
4 3542 3544 3553 3557
4 3558 3559 3561 3566
4 3567 3573 3579 3582
4 3583 3593 3595 3607
4 3608 3617 3618 3626
4 3629 3632 3647 3648
4 3654 3655 3656 3672
4 3673 3674 3677 3678
4 3686 3689 3691 3692
4 3697 3704 3708 3715
4 3718 3728 3730 3736
4 3745 3746 3749 3750
4 3757 3760 3765 3769
4 3775 3781 3791 3792
4 3795 3802 3808 3825
4 3828 3830 3834 3839
4 3840 3842 3844 3845
4 3853 3857 3869 3870
4 3877 3882 3885 3889
4 3891 3892 3895 3896
4 3899 3904 3905 3906
4 3912 3913 3914 3924
4 3932 3940 3942 3944
4 3945 3950 3966 3969
4 3973 3978 3980 3983
4 3987 3997 4004 4011
4 4026 4036 4038 4041
4 4043 4044 4054 4055
4 4057 4058 4064 4066
4 4074 4076 4079 4089
4 4090 4091 4093 4100
4 4102 4106 4112 4126
4 4131 4134 4135 4137
4 4139 4141 4147 4150
4 4151 4161 4167 4170
4 4179 4185 4187 4194
4 4200 4202 4222 4230
4 4233 4235 4240 4244
4 4259 4284 4292 4293
4 4307 4318 4320 4322
4 4331 4351 4352 4357
4 4361 4363 4367 4374
4 4375 4381 4386 4390
4 4402 4405 4406 4410
4 4412 4415 4430 4439
4 4442 4449 4452 4467
4 4469 4473 4474 4475
4 4477 4478 4480 4490
4 4491 4495 4496 4498
4 4506 4509 4516 4521
4 4522 4524 4527 4532
4 4550 4551 4555 4557
4 4559 4561 4565 4572
4 4573 4574 4579 4582
4 4592 4600 4604 4607
4 4611 4617 4619 4627
4 4631 4636 4637 4638
4 4639 4644 4649 4650
4 4655 4656 4657 4661
4 4663 4668 4670 4671
4 4685 4690 4692 4695
4 4696 4702 4703 4706
4 4711 4716 4717 4720
4 4725 4727 4731 4766
4 4771 4773 4774 4786
4 4788 4792 4808 4814
4 4823 4837 4847 4848
4 4857 4859 4861 4863
4 4865 4867 4870 4871
4 4874 4875 4879 4883
4 4884 4886 4902 4904
4 4912 4916 4917 4925
4 4926 4933 4940 4946
4 4951 4953 4957 4959
4 4960 4961 4964 4965
4 4975 4977 4983 4989
4 4990 4995 4997 5001
4 5006 5007 5013 5017
4 5020 5028 5035 5042
4 5044 5046 5048 5052
4 5056 5058 5061 5074
4 5081 5083 5085 5086
4 5090 5094 5096 5101
4 5118 5121 5131 5136
4 5149 5151 5155 5156
4 5163 5170 5172 5174
4 5178 5197 5203 5205
4 5207 5209 5211 5214
4 5219 5231 5235 5236
4 5239 5244 5250 5251
4 5255 5271 5278 5295
4 5308 5310 5324 5325
4 5330 5332 5336 5341
4 5355 5357 5359 5363
4 5366 5371 5375 5378
4 5380 5383 5389 5416
4 5418 5427 5441 5446
4 5457 5461 5462 5467
4 5474 5476 5487 5488
4 5489 5492 5494 5503
4 5513 5515 5517 5518
4 5522 5526 5529 5530
4 5540 5544 5547 5548
4 5551 5553 5559 5563
4 5570 5574 5579 5583
4 5592 5593 5600 5602
4 5609 5610 5616 5622
4 5625 5627 5633 5644
4 5649 5651 5652 5653
4 5665 5671 5683 5686
4 5705 5710 5713 5720
4 5728 5729 5733 5744
4 5758 5772 5773 5776
4 5777 5785 5791 5793
4 5794 5796 5803 5808
4 5815 5823 5824 5832
4 5835 5839 5845 5849
4 5854 5856 5864 5865
4 5869 5873 5875 5879
4 5886 5891 5898 5899
4 5901 5902 5904 5905
4 5909 5913 5916 5918
4 5919 5920 5931 5941
4 5945 5948 5962 5970
4 5981 5982 5989 5991
4 5998 6010 6012 6016
4 6028 6036 6038 6042
4 6050 6052 6053 6058
4 6060 6076 6102 6107
4 6110 6111 6123 6129
4 6133 6134 6144 6146
4 6147 6149 6152 6155
4 6157 6168 6170 6171
4 6176 6178 6188 6192
4 6193 6196 6198 6202
4 6205 6206 6208 6215
4 6220 6226 6228 6231
4 6240 6252 6255 6256
4 6266 6273 6289 6296
4 6297 6300 6306 6309
4 6312 6313 6316 6320
4 6326 6329 6336 6340
4 6342 6350 6359 6361
4 6363 6364 6365 6366
4 6367 6370 6377 6380
4 6381 6384 6389 6396
4 6404 6410 6415 6419
4 6426 6436 6443 6444
4 6451 6459 6467 6476
4 6477 6481 6483 6490
4 6495 6498 6514 6526
4 6528 6531 6534 6537
4 6540 6547 6550 6557
4 6558 6567 6571 6577
4 6578 6580 6582 6583
4 6584 6585 6602 6605
4 6611 6613 6616 6623
4 6627 6628 6632 6638
4 6639 6640 6645 6651
4 6655 6656 6662 6666
4 6668 6673 6676 6677
4 6680 6685 6702 6703
4 6715 6721 6731 6733
4 6735 6738 6741 6742
4 6747 6752 6756 6757
4 6762 6769 6777 6778
4 6782 6784 6794 6800
4 6823 6827 6834 6839
4 6842 6849 6856 6857
4 6870 6882 6913 6914
4 6927 6932 6935 6938
4 6956 6957 6965 6976
4 6981 6984 6985 6988
4 6989 6994 7003 7008
4 7013 7026 7032 7037
4 7041 7050 7057 7064
4 7074 7079 7083 7088
4 7090 7095 7100 7101
4 7103 7104 7105 7108
4 7116 7118 7119 7130
4 7135 7136 7145 7148
4 7149 7151 7152 7153
4 7155 7166 7168 7175
4 7178 7196 7198 7201
4 7202 7204 7208 7209
4 7210 7212 7215 7218
4 7219 7230 7231 7238
4 7249 7250 7253 7255
4 7259 7262 7267 7278
4 7286 7290 7296 7302
4 7305 7308 7310 7313
4 7316 7318 7319 7326
4 7330 7344 7346 7356
4 7359 7361 7363 7368
4 7369 7374 7375 7382
4 7385 7391 7406 7409
4 7412 7413 7415 7419
4 7426 7432 7436 7439
4 7443 7444 7445 7447
4 7451 7454 7463 7464
4 7466 7475 7489 7494
4 7499 7512 7515 7516
4 7518 7522 7524 7525
4 7526 7529 7530 7534
4 7536 7540 7542 7543
4 7545 7549 7551 7558
4 7567 7569 7577 7579
4 7583 7592 7594 7595
4 7603 7610 7613 7617
4 7618 7624 7629 7643
4 7647 7648 7659 7662
4 7671 7673 7677 7678
4 7683 7692 7696 7699
4 7700 7703 7704 7710
4 7715 7725 7726 7733
4 7734 7740 7748 7752
4 7756 7757 7759 7764
4 7768 7770 7777 7778
4 7785 7792 7796 7814
4 7818 7819 7821 7823
4 7824 7825 7834 7839
4 7841 7851 7861 7862
4 7863 7870 7875 7880
4 7884 7888 7896 7911
4 7914 7917 7920 7922
4 7923 7927 7934 7936
4 7937 7939 7943 7944
4 7945 7950 7953 7954
4 7961 7972 7978 7981
4 7983 7990 7993 8003
4 8004 8010 8019 8026
4 8032 8035 8036 8040
4 8043 8044 8047 8056
4 8058 8059 8063 8079
4 8081 8094 8101 8115
4 8116 8119 8123 8132
4 8134 8138 8148 8150
4 8152 8153 8161 8163
4 8167 8168 8172 8176
4 8183 8186 8187 8189
4 8193 8197 8198 8199
4 8200 8204 8233 8239
4 8240 8241 8242 8247
4 8250 8253 8258 8259
4 8267 8284 8286 8287
4 8293 8297 8299 8305
4 8320 8322 8325 8328
4 8332 8333 8338 8342
4 8346 8348 8363 8367
4 8375 8376 8384 8387
4 8392 8397 8407 8418
4 8423 8425 8430 8431
4 8432 8434 8437 8442
4 8449 8452 8453 8465
4 8466 8468 8470 8477
4 8478 8479 8485 8487
4 8501 8506 8509 8516
4 8524 8527 8529 8537
4 8548 8553 8563 8578
4 8579 8585 8591 8597
4 8601 8603 8606 8607
4 8608 8609 8612 8614
4 8616 8617 8625 8626
4 8636 8637 8639 8641
4 8644 8648 8650 8651
4 8652 8653 8658 8659
4 8670 8671 8673 8677
4 8679 8683 8684 8689
4 8692 8697 8701 8702
4 8707 8712 8714 8715
4 8721 8722 8733 8736
4 8745 8746 8750 8751
4 8754 8767 8775 8777
4 8779 8785 8803 8811
4 8814 8823 8824 8833
4 8834 8835 8837 8839
4 8845 8849 8851 8854
4 8861 8865 8866 8873
4 8874 8889 8894 8895
4 8898 8907 8911 8915
4 8923 8929 8931 8932
4 8938 8940 8947 8954
4 8956 8964 8967 8990
4 8991 8997 9004 9014
4 9016 9019 9043 9048
4 9063 9072 9078 9092
4 9106 9111 9119 9121
4 9122 9123 9124 9128
4 9129 9131 9135 9143
4 9151 9154 9161 9165
4 9166 9168 9182 9192
4 9196 9197 9213 9214
4 9220 9222 9235 9238
4 9241 9243 9246 9247
4 9250 9252 9256 9263
4 9265 9267 9271 9275
4 9276 9283 9286 9289
4 9295 9302 9305 9307
4 9320 9325 9326 9340
4 9341 9344 9350 9354
4 9359 9361 9363 9365
4 9366 9368 9374 9376
4 9382 9383 9390 9397
4 9407 9414 9419 9425
4 9426 9429 9433 9443
4 9450 9453 9456 9464
4 9468 9471 9483 9487
4 9490 9499 9507 9511
4 9514 9523 9525 9527
4 9528 9529 9530 9532
4 9539 9542 9545 9546
4 9550 9552 9559 9561
4 9566 9568 9569 9572
4 9576 9580 9585 9588
4 9594 9597 9599 9602
4 9605 9612 9614 9618
4 9620 9626 9629 9631
4 9637 9649 9650 9675
4 9684 9689 9690 9691
4 9695 9703 9713 9714
4 9718 9719 9722 9726
4 9730 9732 9741 9746
4 9747 9748 9751 9755
4 9761 9765 9769 9776
4 9778 9779 9784 9795
4 9797 9799 9806 9813
4 9818 9843 9848 9849
4 9852 9853 9856 9864
4 9866 9871 9873 9879
4 9880 9888 9894 9895
4 9896 9900 9906 9907
4 9908 9917 9921 9922
4 9930 9942 9946 9952
4 9959 9961 9962 9965
4 9966 9968 9971 9974
4 9976 9984 9986 9988
4 3985 6466 32 3075
4 4907 947 3188 6649
4 9549 5531 512 5724
4 9802 8238 9062 7010
4 8682 9667 7596 3339
4 9221 5556 359 804
4 7480 6724 7956 4124
4 7966 4704 9734 9606
4 7689 9091 1822 711
4 1507 5615 2134 3136
4 9828 9183 3564 3129
4 3011 6421 149 8519
4 3428 1761 2924 5896
4 4640 6184 7809 2277
4 6700 4016 5908 7220
4 3811 45 7221 9868
4 678 2343 1347 4887
4 2148 1256 7186 7876
4 7970 4208 6873 8276
4 1100 2707 6705 6574
4 9173 6243 170 0
4 2167 7731 9096 300
4 5756 6446 3322 3694
4 8632 8263 4514 313
4 2024 849 8196 7964
4 3991 3641 6264 5566
4 6160 1382 6811 5451
4 6637 5584 4465 9459
4 5047 6248 2198 5164
4 3121 5939 6203 9573
4 2467 611 2278 3020
4 471 3724 8562 8264
4 1047 5277 9752 9978
4 4335 7984 5166 8908
4 5954 8752 8517 6903
4 6681 6553 2672 4949
4 6659 2495 1908 8027
4 4708 1157 7975 6726
4 6015 7424 9987 1044
4 4659 2983 9299 6942
4 8133 9583 1199 7386
4 9996 5657 9891 1174
4 6596 6522 1181 6648
4 9068 1179 8711 4340
4 3681 5040 8801 9210
4 5947 5240 3818 7425
4 5860 2367 1569 2875
4 4215 4992 9328 3226
4 7384 5449 3127 1106
4 4511 7727 1411 3203
4 9038 708 6017 5721
4 5362 9633 433 6112
4 1593 3412 2337 4790
4 541 7509 8143 5763
4 2062 7521 9836 6022
4 6719 562 3517 5173
4 4419 4456 3894 2506
4 5836 7500 1840 8222
4 5813 2702 8160 1668
4 3031 9721 4286 825
4 6478 514 6246 1616
4 5536 3563 8210 8202
4 1381 8828 8696 5496
4 4052 8864 2296 8413
4 2025 204 355 4206
4 5157 8667 9486 2601
4 8863 6351 7555 608
4 4958 968 8139 6492
4 2120 8810 889 3105
4 4359 5730 1768 1400
4 1751 6713 8336 7877
4 2159 2329 1409 465
4 5872 4188 3596 8876
3 9935 6280 7751
3 6275 4742 9995
3 8006 1012 6864
3 9920 6051 2954
3 8977 1535 3330
3 4092 2437 70
3 5198 8031 6263
3 2033 1843 9418
3 9269 919 5368
3 4943 955 530
3 3972 240 1321
3 4858 3657 5751
3 8919 3809 234
3 4801 3004 4228
3 9198 7633 131
3 6960 3235 2746
3 9716 7614 5082
3 9519 9187 2578
3 5606 7397 8454
3 3311 9768 9028
3 431 270 8089
3 3926 1640 6576
3 456 1062 2661
3 8215 2193 7729
3 6698 4046 7924
3 430 4000 6964
3 9600 2949 9767
3 6097 1750 5208
3 2604 2786 1939
3 372 978 1330
3 9201 2762 97
3 7995 9699 8137
3 6003 9332 620
3 9446 500 9086
3 6008 3939 1036
3 9584 1744 6761
3 1259 9538 5986
3 3956 4534 6890
3 2977 439 6161
3 5191 7170 9431
3 2072 1796 2632
3 673 4301 1980
3 8447 6835 8180
3 7663 9656 6565
3 8401 9398 136
3 4796 2694 885
3 2514 4798 6824
3 7457 6844 2102
3 9944 3590 3212
3 1475 2772 7991
3 1519 4942 7407
3 5245 4221 5482
3 2713 8822 8568
3 6352 8383 1318
3 3370 8252 8435
3 6137 2074 24
3 2399 1649 3280
3 8326 183 956
3 2595 1961 5752
3 9413 86 4104
3 3344 6450 5732
3 5666 37 7881
3 6809 1694 4777
3 4502 8859 1279
3 3060 8037 9083
3 4635 9075 2207
3 4387 3793 6197
3 7674 6887 9855
3 7471 4839 7895
3 6121 4238 6463
3 7800 7586 5994
3 1983 9036 6972
3 2297 2881 7461
3 3822 1546 457
3 2891 2953 6959
3 6302 7554 1538
3 4783 7812 5168
3 3364 7410 7362
3 6963 756 458
3 5897 4358 7320
3 487 7357 602
3 8900 7724 8314
3 4400 1755 8815
3 4248 9047 3543
3 335 9137 4595
3 2210 9009 4399
3 5024 3052 4116
3 3141 8766 8353
3 2596 8930 4434
3 6915 2149 2144
3 7387 8093 2608
3 7094 9035 7206
3 3951 6311 4339
3 9094 2903 6471
3 4596 2028 801
3 3021 2610 9114
3 3875 6353 2956
3 6332 4504 392
3 2785 221 1536
3 462 9838 2741
3 9564 3347 9578
3 6506 9215 8486
3 6818 1371 3651
3 4994 7078 1161
3 2837 7850 2892
3 1678 7889 6127
3 5066 9659 6925
3 6448 3789 1688
3 2859 40 5628
3 4069 4736 7602
3 802 8663 4982
3 5181 9709 31
3 6232 2412 2059
3 6175 2469 725
3 6148 1453 502
3 3887 5233 4877
3 9394 6229 9820
3 8543 7959 1778
3 168 840 9651
3 2307 4097 6328
3 5125 1009 4688
3 5106 2683 6944
3 4291 842 8028
3 7557 1426 2685
3 7694 9993 8737
3 7859 7632 8438
3 615 739 8426
3 3841 343 402
3 325 1220 7960
3 1959 6699 5817
3 9678 9595 9540
3 5128 6725 644
3 8576 4488 8022
3 2101 2169 78
3 4787 393 152
3 9015 9223 4549
3 511 3012 613
3 3318 6473 4567
3 7742 639 4689
3 5631 229 7395
3 5719 2950 9489
3 1043 5959 8804
3 68 9227 5558
3 1869 2388 5676
3 5422 793 7971
3 1080 34 5190
3 7423 6952 4031
3 8256 5882 4099
3 8950 848 8643
3 8903 6034 7803
3 6746 4826 1377
3 8097 7532 7314
3 3555 3123 7631
3 4855 3743 1807
3 7994 2472 726
3 7697 4880 6315
3 1979 3679 953
3 2242 9957 1165
3 3903 9892 13
3 6225 252 6452
3 1270 7581 20
3 305 5881 5443
3 467 7430 9887
3 2002 8629 1892
3 3515 4723 579
3 413 4969 7132
3 5850 2215 640
3 3698 5731 6005
3 1167 4811 7176
3 4047 8571 9274
3 6922 5212 3396
3 2137 1590 2304
3 2164 860 6357
3 2669 7666 8398
3 76 4298 5951
3 153 4173 9475
3 477 6291 1502
3 3509 6095 4078
3 57 346 9280
3 6046 2929 6674
3 4750 5950 7496
3 6563 740 5863
3 6189 7826 3665
3 6479 2358 2432
3 3581 2019 4451
3 3621 4679 2629
3 4267 1369 5829
3 7906 395 7951
3 3246 3233 2898
3 2232 7713 7036
3 4554 1586 1953
3 293 649 4279
3 193 414 5146
3 83 2527 9337
3 1549 4155 4245
3 4922 9524 4246
3 4662 5161 8212
3 8206 8986 3449
3 6210 937 9830
3 3146 7804 949
3 3761 3902 7252
3 2799 1276 6104
3 4249 7565 7024
3 6544 8821 9065
3 5026 5346 1084
3 8456 1416 6740
3 2533 1286 3161
3 4030 7194 3261
3 1650 2531 3838
3 5895 4747 9526
3 9313 9234 4311
3 2634 868 3482
3 1504 1194 2824
3 568 9157 3504
3 6244 2751 4653
3 4314 5200 9294
3 7813 6270 6630
3 554 7236 16
3 3263 8498 4856
3 8675 1516 2668
3 3773 23 5387
3 7197 9105 1793
3 4537 3431 8229
3 5714 7743 7490
3 7653 444 3748
3 2047 9543 2529
3 5401 3806 4767
3 9333 3174 9635
3 1532 6258 8965
3 4176 7963 6294
3 4501 9488 1250
3 7150 9810 9692
3 5672 9458 1032
3 982 7018 8440
3 1031 4328 9496
3 3911 6664 2303
3 1296 4398 3332
3 9958 1118 1514
3 1527 3930 8277
3 8355 6920 9551
3 4001 6612 3316
3 4623 675 1452
3 7559 1201 4892
3 8642 2442 5237
3 4578 9680 4914
3 6828 8201 4841
3 6245 8952 1891
3 5373 1606 6693
3 1986 9251 2143
3 5175 5834 8729
3 499 5059 4935
3 6569 6494 3824
3 2712 3880 8654
3 9711 6822 2422
3 6852 5980 2264
3 5199 1618 6430
3 6744 3513 9085
3 1027 3125 8727
3 8067 8179 9260
3 8289 6510 225
3 2671 4713 459
3 365 3099 6962
3 4775 8177 3407
3 9022 9002 8918
3 4144 4605 7622
3 7761 9858 3747
3 5641 4898 115
3 5043 9272 858
3 6093 4164 4447
3 5769 9149 4095
3 6604 30 4407
3 8593 7237 5097
3 5400 8897 2328
3 7828 7418 9655
3 8235 6846 8981
3 8808 3147 7957
3 185 3570 3547
3 9624 9181 1951
3 7849 3274 9985
3 6118 2402 8382
3 1058 123 8567
3 7600 2335 1898
3 4562 1806 6130
3 6600 1669 9611
3 1132 2946 6398
3 3355 2570 576
3 4482 8978 94
3 5098 1865 4156
3 7048 6727 2235
3 5831 9073 7190
3 6323 7721 1978
3 6590 6851 4558
3 6002 8756 5471
3 1110 6766 8108
3 8472 6126 7868
3 4197 2205 4840
3 6472 5442 6669
3 9771 7315 8806
3 7273 4325 2046
3 7616 1639 7247
3 8340 4694 2240
3 7899 7665 6090
3 7085 2220 6993
3 7127 4546 6078
3 2466 4804 8753
3 5077 9927 8388
3 1835 6899 8393
3 7805 9745 1288
3 6711 473 1754
3 8372 5041 6223
3 8734 7634 2591
3 8129 8572 6304
3 896 6524 4489
3 2333 9859 3615
3 5944 2582 5019
3 3883 5505 7693
3 7329 3078 899
3 9338 9613 3587
3 4564 1266 5812
3 2105 8640 2294
3 1774 1271 2911
3 1848 419 3506
3 5323 160 2216
3 7460 516 1849
3 6774 9948 5613
3 143 5800 9877
3 4172 7275 101
3 6356 1192 3884
3 2549 6990 22
3 5702 3265 9013
3 3664 1137 9603
3 6671 2730 6560
3 3324 7815 6697
3 9003 5621 5140
3 1313 5189 2234
3 5460 1212 3878
3 6803 2237 8573
3 6739 2199 3038
3 7491 8996 2136
3 8021 2754 7121
3 9134 5276 1086
3 4312 4746 3933
3 3439 3281 8773
3 7123 1653 5134
3 4308 8994 4217
3 417 3578 7686
3 6581 5268 3849
3 6064 9261 3402
3 9744 1699 558
3 2793 5171 753
3 3097 2390 7931
3 2453 9029 2781
3 906 9679 7510
3 6063 5397 3873
3 4394 2417 8411
3 9230 5426 1170
3 2016 9844 9008
3 6636 1656 4255
3 2852 5903 6035
3 6414 2268 1461
3 1488 796 6023
3 3782 5598 8716
3 5234 4918 5523
3 381 550 4136
3 8464 6831 6595
3 4196 1127 1480
3 9194 4599 2289
3 159 3381 4818
3 3888 8789 6132
3 1172 472 828
3 2406 8084 219
3 7786 7400 1624
3 6096 8316 3817
3 8759 2444 4678
3 6520 5246 7117
3 9759 3491 3131
3 4630 7233 9901
3 2951 2621 6261
3 8049 2775 8618
3 1093 7903 4613
3 7309 1783 5770
3 845 8793 6432
3 5253 6227 1867
3 3300 2731 8633
3 1985 3783 8539
3 3334 7788 8166
3 2334 1814 1665
3 279 893 6373
3 2068 4094 8987
3 6529 1627 7684
3 3965 3442 6953
3 217 3262 4910
3 6517 4487 133
3 2554 5736 4932
3 1404 9502 2987
3 5972 4088 5586
3 7925 6180 1836
3 5966 3312 5398
3 1801 5577 2711
3 7501 3401 9575
3 610 9534 5391
3 4479 2750 3744
3 5313 1208 8165
3 5917 2065 1781
3 3584 3721 218
3 2281 1221 4193
3 7969 9535 5132
3 990 3539 1646
3 7675 3862 6586
3 7898 6417 4894
3 3445 7371 2464
3 2722 8665 5064
3 7110 1904 1184
3 669 9660 5104
3 6812 9200 7980
3 1899 3927 401
3 7388 651 5370
3 2376 7502 5599
3 3411 3085 9882
3 89 1716 9941
3 8694 3076 5481
3 9846 1638 4529
3 2173 3216 4538
3 9754 7289 4428
3 4544 3929 5594
3 7065 7695 7672
3 4981 2326 2184
3 9770 3947 2947
3 3124 1292 934
3 8638 545 8525
3 7043 8015 163
3 249 3017 9356
3 4628 1928 7907
3 8842 1299 2560
3 1935 1130 7664
3 4669 757 8934
3 1683 3521 7902
3 5345 292 9209
3 977 6405 3424
3 6259 8584 2087
3 3807 5511 144
3 8268 827 7608
3 771 6770 9156
3 7096 7177 2057
3 207 6805 3580
3 6307 2480 2990
3 6973 6497 6068
3 6958 2022 1120
3 5122 3115 1870
3 4833 894 4163
3 2835 2567 304
3 930 3610 9089
3 2463 7744 9670
3 1469 6409 8273
3 9140 8732 3313
3 2050 7134 4646
3 316 5429 4842
3 1138 4882 2011
3 1209 157 6331
3 8709 199 4149
3 8776 7223 618
3 691 3941 7274
3 5804 7553 7014
3 356 9785 4553
3 288 241 7962
3 9860 5725 6897
3 4948 728 865
3 8853 3893 3186
3 1331 3353 2179
3 643 8068 5514
3 9152 6425 8409
3 7642 3178 6541
3 7163 8886 3541
3 4337 7640 2564
3 5192 7216 9179
3 2227 8502 4392
3 9225 287 862
3 5663 7795 8298
3 7544 819 9491
3 6301 7546 7878
3 108 6904 2805
3 4789 3006 1277
3 5329 6213 1958
3 1227 7019 4468
3 9647 5718 2418
3 9863 3753 1652
3 7298 5254 4355
3 8870 616 2288
3 8534 9406 6387
3 6513 5550 4226
3 1841 1574 1971
3 7229 5578 8310
3 4714 5206 9367
3 425 8645 9100
3 5060 5182 4143
3 186 5612 5952
3 9553 2563 7948
3 9710 5848 784
3 9172 5658 9617
3 3438 2163 2841
3 3798 6087 733
3 867 5534 5741
3 1495 3536 3425
3 9329 6796 9870
3 2577 9232 9885
3 2239 4634 5825
3 4508 1809 4598
3 6629 8941 1661
3 7087 8740 8141
3 1376 1615 7349
3 9570 2201 5424
3 3712 5611 6814
3 2344 1479 4791
3 347 3208 9590
3 6484 800 9158
3 226 2689 1563
3 7556 7091 4693
3 1700 769 5573
3 348 7799 5510
3 5771 2318 6620
3 378 3209 8564
3 9423 9582 2435
3 3812 1685 9862
3 9314 4290 5958
3 2152 189 128
3 6748 4403 3917
3 719 8103 6253
3 1099 7434 8321
3 6125 9555 9876
3 8309 9346 4986
3 7365 789 7441
3 8771 1403 7333
3 5409 4726 6917
3 4906 383 3213
3 2451 7580 4518
3 4709 1494 2470
3 8347 9954 5183
3 8493 4939 7835
3 7541 958 1909
2 2586 349
2 2012 415
2 441 9205
2 6701 1235
2 6692 7140
2 1788 7459
2 8086 1949
2 5316 1196
2 5294 7060
2 8064 4211
2 9819 7758
2 7946 633
2 8960 3327
2 1131 1180
2 1119 863
2 1284 6457
2 1868 2356
2 9323 1230
2 3949 1188
2 6456 3784
2 2878 1993
2 831 203
2 5343 5379
2 5148 291
2 6279 8282
2 3859 703
2 8686 2382
2 3860 8080
2 1679 4996
2 9737 8379
2 2550 1799
2 361 4
2 2384 8875
2 5779 509
2 7507 9372
2 782 7965
2 8412 3821
2 1105 2035
2 6843 9999
2 7479 5410
2 1335 405
2 1818 4621
2 388 3247
2 7807 8406
2 935 1732
2 7669 280
2 2498 693
2 1611 8726
2 1135 1323
2 200 5694
2 7753 4633
2 1046 1133
2 258 2483
2 1074 6407
2 4344 4950
2 5833 8784
2 2324 3394
2 7251 922
2 8955 5051
2 6233 6085
2 8970 4664
2 3787 268
2 227 2579
2 8410 4675
2 8985 4254
2 9807 2378
2 5699 9663
2 9102 2789
2 4734 4632
2 4330 7307
2 4979 8461
2 1111 4461
2 6635 5356
2 1029 2541
2 7667 3292
2 2942 1987
2 2373 5844
2 318 9636
2 6500 2386
2 3639 9701
2 9742 811
2 3386 9604
2 376 4107
2 5977 2311
2 983 2405
2 662 7791
2 3389 3922
2 8791 9186
2 9724 6983
2 1553 8523
2 6371 2086
2 491 5327
2 741 9533
2 4371 5005
2 8164 8602
2 8731 6158
2 5177 794
2 2715 9717
2 7399 3199
2 4425 342
2 2030 7092
2 7322 9557
2 6434 2676
2 2410 3385
2 3827 6420
2 8491 9632
2 173 9162
2 9644 9148
2 2508 1918
2 8374 7706
2 9342 4810
2 3008 9773
2 6647 7992
2 7627 621
2 872 4369
2 1992 4220
2 5413 8725
2 3819 1534
2 2825 409
2 5266 8872
2 6254 7820
2 6242 984
2 69 3866
2 2883 3756
2 1063 8136
2 5187 5885
2 4978 7636
2 7069 1897
2 1206 3225
2 4273 7340
2 917 6678
2 1705 3794
2 1554 9282
2 9977 5399
2 4323 1439
2 4435 1415
2 5073 3466
2 7712 1045
2 9609 148
2 5210 3267
2 3935 8857
2 7832 2934
2 5643 821
2 5883 1329
2 7228 3799
2 5957 2747
2 9362 195
2 4651 1969
2 5470 4535
2 2172 7264
2 7736 9963
2 3474 6480
2 2427 8758
2 4214 605
2 4032 5265
2 3144 5979
2 7243 7093
2 652 5045
2 2873 7393
2 6234 8879
2 2803 2884
2 435 901
2 9327 8613
2 7408 5361
2 6499 7033
2 5853 3058
2 2503 4807
2 4237 8728
2 1610 7165
2 5840 5167
2 9159 3620
2 1731 4356
2 2166 6174
2 7547 312
2 7938 3227
2 483 4260
2 7276 437
2 4372 4103
2 8507 8778
2 5508 6654
2 7097 508
2 8570 4224
2 179 7416
2 6675 5340
2 9775 5350
2 8395 2330
2 6841 7588
2 8780 2500
2 9787 194
2 5745 7172
2 1654 1305
2 3636 4860
2 9011 2996
2 8770 4758
2 6901 6077
2 2425 8142
2 8535 7915
2 4822 7793
2 9415 6853
2 987 3984
2 9070 9822
2 1142 2170
2 184 3530
2 6187 8311
2 303 7059
2 4577 8144
2 3476 7639
2 4972 4890
2 9749 209
2 2769 9380
2 111 8117
2 2556 118
2 7789 9264
2 8786 192
2 4891 4732
2 3082 596
2 8877 7427
2 3879 2206
2 1831 8038
2 8961 1614
2 3044 8224
2 729 7578
2 9571 478
2 9218 482
2 9931 8417
2 7561 3189
2 8361 3777
2 7942 7086
2 5557 5067
2 7098 4285
2 4175 2520
2 1728 8114
2 6141 8975
2 5107 6128
2 6411 7883
2 8405 9436
2 7856 4376
2 5747 5279
2 1972 7590
2 9421 8061
2 3727 1695
2 230 4523
2 4724 3717
2 274 7741
2 7075 121
2 2512 5696
2 6156 1517
2 8272 5983
2 5993 3493
2 2771 6902
2 2485 2812
2 9556 2808
2 1485 2974
2 5906 3716
2 6308 8244
2 4952 8135
2 6614 908
2 4470 1496
2 4232 7187
2 5504 4899
2 781 5483
2 9793 3685
2 156 8530
2 7847 2098
2 8002 6682
2 1625 7606
2 2039 6937
2 1350 6177
2 4699 7045
2 8009 9031
2 6559 7077
2 8075 8462
2 6833 7483
2 6720 2110
2 6429 424
2 1283 3635
2 5617 4333
2 8500 8698
2 4098 833
2 9736 4845
2 2272 7864
2 1226 256
2 7017 8045
2 8542 1177
2 311 8561
2 5727 8011
2 6545 7730
2 8220 1937
2 8110 4063
2 5304 6265
2 6428 2827
2 1634 507
2 5533 9126
2 61 5213
2 2532 2602
2 574 8797
2 2271 5870
2 3108 8880
2 1749 5938
2 3307 81
2 9301 795
2 9357 4913
2 4966 6607
2 2447 8159
2 7550 866
2 3023 1513
2 1917 7248
2 9457 4427
2 1006 4876
2 5260 8868
2 5377 8494
2 1326 1696
2 7533 7404
2 7068 5783
2 9686 5382
2 428 3059
2 7337 1171
2 3690 9498
2 2231 1753
2 2298 1501
2 1804 6971
2 682 5262
2 8556 1984
2 3053 2657
2 8635 6026
2 4588 5023
2 4297 5158
2 7022 6293
2 4980 4440
2 4262 538
2 1166 7030
2 5754 406
2 6075 8190
2 1703 7929
2 5907 9910
2 8924 2252
2 9007 4305
2 7682 1789
2 959 5008
2 9296 8473
2 7367 903
2 8441 7139
2 7833 3993
2 7711 1622
2 6539 7292
2 3469 7138
2 8850 5480
2 3205 9521
2 803 3268
2 2357 6998
2 6551 6617
2 9932 5472
2 7830 7067
2 182 7514
2 6257 1275
2 3266 3534
2 5632 2393
2 6098 3846
2 2900 5585
2 7453 6021
2 5910 4770
2 7584 3361
2 2583 2673
2 1307 9823
2 2310 4591
2 8968 6237
2 1762 8555
2 6412 4923
2 1932 1149
2 8592 9548
2 4830 3286
2 5693 9577
2 658 6533
2 5281 4893
2 6859 7688
2 4019 9698
2 4283 7523
2 4453 7102
2 3705 5926
2 668 6799
2 3154 1824
2 2138 1191
2 4048 6393
2 5900 3416
2 4843 2645
2 603 6519
2 6643 4851
2 9044 4060
2 9189 4793
2 6848 3963
2 7129 3854
2 7281 5010
2 5640 921
2 6040 9042
2 1878 8085
2 25 3591
2 8541 4571
2 9861 2546
2 2026 3169
2 3382 4911
2 3994 7000
2 5430 7985
2 3803 452
2 7658 1190
2 9311 2899
2 2928 6961
2 698 9411
2 9914 6222
2 3611 1770
2 341 5100
2 1612 7574
2 9297 2385
2 6454 3810
2 3523 8001
2 7071 5838
2 275 4236
2 2961 224
2 319 9146
2 2664 5809
2 7890 6509
2 7852 3454
2 6195 746
2 3990 3619
2 6119 659
2 6031 9554
2 6290 9204
2 886 2656
2 2280 9059
2 9270 8554
2 1775 1302
2 9101 7782
2 238 6923
2 6185 6334
2 3719 5828
2 4691 6592
2 9972 2662
2 972 2709
2 8334 8231
2 4009 2153
2 3696 582
2 54 27
2 8000 9933
2 9229 526
2 5538 6862
2 8118 2980
2 8034 468
2 6391 2038
2 1134 1777
2 6199 999
2 9720 7011
2 4821 3413
2 180 1316
2 4525 7261
2 7504 6772
2 9024 4209
2 6491 1667
2 9825 5549
2 3156 2525
2 1873 5386
2 6850 6516
2 5635 7488
2 412 6283
2 379 3754
2 8109 6163
2 9336 4034
2 7222 422
2 2154 5227
2 1880 9150
2 5778 4132
2 2010 8757
2 4581 8098
2 8546 6792
2 573 1237
2 4987 1087
2 4556 8508
2 1725 4705
2 9400 3645
2 4252 5859
2 5949 5697
2 1308 3383
2 8318 5014
2 4520 2758
2 4174 5257
2 3843 5619
2 7042 9929
2 5539 5153
2 9321 986
2 8344 5406
2 3643 911
2 5029 4062
2 2431 6631
2 7183 533
2 2706 2858
2 4976 9164
2 7005 1374
2 3201 9833
2 3546 5527
2 2733 5108
2 9638 1290
2 1964 8511
2 7822 3301
2 5342 7882
2 3628 5466
2 1664 4438
